08/11/2018	5  43  56  62  68  24
08/08/2018	10  21  30  43  63  17
08/04/2018	3  11  38  44  58  2
08/01/2018	5  22  32  38  58  26
07/28/2018	22  27  46  56  65  13
07/25/2018	2  18  41  44  64  26
07/21/2018	9  23  56  58  68  1
07/18/2018	1  10  27  28  36  12
07/14/2018	22  41  42  49  67  11
07/11/2018	19  21  27  46  47  7
07/07/2018	1  10  43  45  64  22
07/04/2018	4  7  15  41  44  10
06/30/2018	3  9  20  42  61  24
06/27/2018	7  28  37  62  63  15
06/23/2018	16  29  43  45  56  25
06/20/2018	4  14  23  27  56  13
06/16/2018	9  45  57  58  65  9
06/13/2018	13  20  38  45  55  1
06/09/2018	6  10  15  25  36  14
06/06/2018	23  28  41  53  56  14
06/02/2018	23  25  37  44  64  7
05/30/2018	17  23  26  46  68  20
05/26/2018	1  21  31  45  49  21
05/23/2018	20  54  56  61  64  7
05/19/2018	3  6  9  17  56  25
05/16/2018	17  19  21  22  51  19
05/12/2018	22  42  45  55  56  14
05/09/2018	11  16  38  50  69  19
05/05/2018	14  29  36  57  61  17
05/02/2018	5  14  31  40  50  6
04/28/2018	20  22  28  45  50  8
04/25/2018	17  18  39  56  64  12
04/21/2018	40  50  54  62  69  19
04/18/2018	9  10  12  17  23  9
04/14/2018	17  19  26  61  62  15
04/11/2018	16  18  27  55  67  18
04/07/2018	2  17  20  38  39  20
04/04/2018	8  24  42  54  64  24
03/31/2018	8  24  52  55  61  21
03/28/2018	6  8  26  52  53  21
03/24/2018	10  33  45  53  56  24
03/21/2018	3  4  18  29  61  25
03/17/2018	22  57  59  60  66  7
03/14/2018	6  12  24  41  68  9
03/10/2018	43  44  54  61  69  22
03/07/2018	6  13  19  36  51  18
03/03/2018	13  17  25  36  40  5
02/28/2018	12  30  59  65  69  16
02/24/2018	24  25  38  62  63  6
02/21/2018	7  15  31  34  36  8
02/17/2018	13  26  39  44  62  2
02/14/2018	37  39  44  46  69  26
02/10/2018	1  13  27  41  59  20
02/07/2018	23  34  35  40  47  10
02/03/2018	15  23  27  48  53  6
01/31/2018	4  7  14  46  59  22
01/27/2018	17  21  26  47  54  7
01/24/2018	5  9  11  33  64  21
01/20/2018	26  28  47  49  58  3
01/17/2018	3  33  37  51  57  21
01/13/2018	14  25  35  58  69  24
01/10/2018	7  24  33  49  50  4
01/06/2018	12  29  30  33  61  26
01/03/2018	2  18  37  39  42  12
12/30/2017	28  36  41  51  58  24
12/27/2017	3  9  16  56  60  3
12/23/2017	1  3  13  15  44  25
12/20/2017	1  20  61  64  69  20
12/16/2017	9  35  37  50  63  11
12/13/2017	2  24  28  51  58  7
12/09/2017	25  36  37  55  60  6
12/06/2017	19  20  50  55  62  9
12/02/2017	28  30  32  36  58  6
11/29/2017	24  26  28  59  63  16
11/25/2017	8  13  27  53  54  4
11/22/2017	35  37  46  51  61  13
11/18/2017	17  28  31  32  39  26
11/15/2017	23  32  44  48  50  25
11/11/2017	4  6  16  30  56  18
11/08/2017	12  14  20  21  34  22
11/04/2017	12  14  26  48  51  13
11/01/2017	3  6  19  26  44  1
10/28/2017	27  35  38  57  66  10
10/25/2017	18  22  29  54  57  8
10/21/2017	14  41  42  45  69  4
10/18/2017	30  49  54  66  69  8
10/14/2017	32  37  56  66  69  11
10/11/2017	1  3  13  19  69  23
10/07/2017	10  49  61  63  65  7
10/04/2017	22  23  62  63  66  24
09/30/2017	8  12  25  41  64  15
09/27/2017	8  10  21  23  25  22
09/23/2017	24  45  55  56  57  19
09/20/2017	39  48  53  67  68  26
09/16/2017	17  18  24  25  31  24
09/13/2017	17  24  35  57  63  19
09/09/2017	6  20  29  57  59  22
09/06/2017	8  14  32  58  67  17
09/02/2017	6  21  41  52  62  26
08/30/2017	19  28  43  67  69  7
08/26/2017	7  15  32  38  66  15
08/23/2017	6  7  16  23  26  4
08/19/2017	17  19  39  43  68  13
08/16/2017	9  15  43  60  64  4
08/12/2017	20  24  26  35  49  19
08/09/2017	12  30  36  47  62  9
08/05/2017	11  21  28  33  45  11
08/02/2017	1  16  54  63  69  18
07/29/2017	1  28  40  45  48  12
07/26/2017	7  19  21  42  69  12
07/22/2017	5  32  44  53  60  9
07/19/2017	50  51  59  61  63  4
07/15/2017	9  40  63  64  66  17
07/12/2017	1  2  18  23  61  9
07/08/2017	8  10  29  40  59  26
07/05/2017	4  9  16  54  68  21
07/01/2017	19  42  45  48  53  16
06/28/2017	29  37  46  53  68  8
06/24/2017	10  22  32  36  58  10
06/21/2017	14  46  61  65  68  13
06/17/2017	10  13  32  53  62  21
06/14/2017	5  22  43  57  63  24
06/10/2017	20  26  32  38  58  3
06/07/2017	5  21  57  66  69  13
06/03/2017	3  9  21  41  54  25
05/31/2017	4  33  39  46  60  6
05/27/2017	5  10  28  55  67  9
05/24/2017	28  32  33  38  62  15
05/20/2017	5  22  45  47  54  3
05/17/2017	4  11  39  45  48  9
05/13/2017	17  20  32  63  68  19
05/10/2017	29  31  46  56  62  8
05/06/2017	11  21  31  41  59  21
05/03/2017	17  18  49  59  66  9
04/29/2017	22  23  24  45  62  5
04/26/2017	1  15  18  26  51  26
04/22/2017	21  39  41  48  63  6
04/19/2017	1  19  37  40  52  15
04/15/2017	5  22  26  45  61  13
04/12/2017	8  14  61  63  68  24
04/08/2017	23  36  51  53  60  15
04/05/2017	8  20  46  53  54  13
04/01/2017	9  32  36  44  65  1
03/29/2017	8  15  31  36  62  11
03/25/2017	18  31  32  45  48  16
03/22/2017	2  9  27  29  42  9
03/18/2017	13  25  44  54  67  5
03/15/2017	16  30  41  48  53  16
03/11/2017	1  26  41  50  57  11
03/08/2017	23  33  42  46  59  4
03/04/2017	2  18  19  22  63  19
03/01/2017	10  16  40  52  55  17

2/25/2017 6 32 47 62 65   19  

2/22/2017 10 13 28 52 61   2  

2/18/2017 3 7 9 31 33   20  

2/15/2017 5 28 33 38 42   19  

2/11/2017 5 9 17 37 64   2  

2/8/2017 14 20 42 49 66   5  

2/4/2017 6 13 16 17 52   25  

2/1/2017 9 43 57 60 64   10  

1/28/2017 12 20 39 49 69   17  

1/25/2017 18 28 62 66 68   22  

1/21/2017 23 25 45 52 67   2  

1/18/2017 9 40 41 53 58   12  

1/14/2017 23 55 59 64 69   13  

1/11/2017 1 3 13 16 43   24  

1/7/2017 3 12 24 37 63   10

1/4/2017 16 17 29 41 42   4  

12/31/2016 1 3 28 57 67   9  

12/28/2016 16 23 30 44 58   4  

12/24/2016 28 38 42 51 52   21  

12/21/2016 25 33 40 54 68   3  

12/17/2016 1 8 16 40 48   10  

12/14/2016 18 26 37 39 66   15  

12/10/2016 12 21 32 44 66   15  

12/7/2016 41 48 49 53 64   20  

12/3/2016 8 10 26 27 33   22  

11/30/2016 3 14 18 25 45   7  

11/26/2016 17 19 21 37 44   16  

11/23/2016 7 32 41 47 61   3  

11/19/2016 16 24 28 43 61   21  

11/16/2016 28 41 61 63 65   7  

11/12/2016 8 17 20 27 52   24  

11/9/2016 1 25 28 31 54   2  

11/5/2016 21 31 50 51 69   8  

11/2/2016 13 18 37 54 61   5  

10/29/2016 19 20 21 42 48   23  

10/26/2016 2 3 16 48 56   24  

10/22/2016 1 28 33 55 56   22  

10/19/2016 10 16 38 43 63   23  

10/15/2016 23 49 57 64 67   20  

10/12/2016 16 30 34 37 44   16  

10/8/2016 3 54 61 64 68   9  

10/5/2016 8 18 27 29 60   15  

10/1/2016 2 12 50 61 64   1  

9/28/2016 30 38 52 53 62   1  

9/24/2016 7 15 20 29 41   22  

9/21/2016 1 28 63 67 69   17  

9/17/2016 9 19 51 55 62   14  

9/14/2016 10 11 23 28 31   14  

9/10/2016 3 17 49 55 68   8  

9/7/2016 22 23 29 33 55   21  

9/3/2016 7 39 50 59 67   25  

8/31/2016 5 10 24 56 61   12  

8/27/2016 4 32 48 49 63   20  

8/24/2016 9 11 25 64 65   16  

8/20/2016 3 6 21 60 68   24  

8/17/2016 33 44 49 50 52   8  

8/13/2016 38 44 60 64 69   6  
  
8/10/2016 23 56 61 64 67   12  

8/6/2016 20 33 36 47 52   12  

8/3/2016 9 11 27 66 67   2

7/30/2016 11 17 21 23 32   5

7/27/2016 10 47 50 65 68   24  

7/23/2016 5 7 23 35 39   11

7/20/2016 6 25 35 58 66   5  

7/16/2016 11 17 40 50 62   26  

7/13/2016 3 15 29 54 57   10

7/9/2016 10 28 32 61 64   12  

7/6/2016 2 24 31 57 66   18

7/2/2016 10 34 39 59 63   4  

6/29/2016 23 29 37 60 64   6

6/25/2016 3  27  36  56  69  25

6/22/2016 14 40 42 43 52   17

6/18/2016 2 23 41 53 63   11  

6/15/2016 4 22 24 31 33   10

6/11/2016 20 27 36 41 58   7

6/8/2016 12 25 37 60 69   20  

6/4/2016 16 20 22 43 64   17  

6/1/2016 23 30 33 40 69   12  

5/28/2016 6 33 34 58 59   12  

5/25/2016 11 24 41 59 64   15  

5/21/2016 5 7 9 23 32   26

5/18/2016 23 25 39 54 67   11  

5/14/2016 13 27 47 64 65   9  

5/11/2016 20 32 52 66 69   23  

5/7/2016 5 25 26 44 66   9  

5/4/2016  30  47  57  66  69     3

4/30/2016 3 12 16 32 34   14  

4/27/2016 2 25 33 39 64   17  

4/23/2016 19 35 46 59 62   13

4/20/2016 12 25 30 52 62   8

4/16/2016 3 18 25 32 51   3

4/13/2016 30 33 35 38 64   22  

4/9/2016 14 22 23 41 61   9  

4/6/2016 4 28 49 60 65   25

4/2/2016 9 28 30 40 61   3  

3/30/2016 24 44 53 55 63   19  

3/26/2016 11 23 42 52 68   6  

3/23/2016 5 8 15 22 49   25  

3/19/2016 11 23 43 54 60   3  

3/16/2016 10 12 13 46 50   21  

3/12/2016 11 28 50 57 62   23  

3/9/2016 14 23 32 34 68   3  

3/5/2016 3 27 34 59 69   19  

3/2/2016 12 13 44 52 62   6  

2/27/2016 10 11 21 22 53   18  

2/24/2016 21 31 64 65 67   5  

2/20/2016 11 12 15 16 54   25  

2/17/2016 7 17 27 29 40   25  

2/13/2016 7 15 18 19 36   20  

2/10/2016 2 3 40 50 62   5  

2/6/2016 4 13 31 36 52   8  

2/3/2016 26 28 31 60 67   23  

1/30/2016 5 12 16 31 43   18  

1/27/2016 3 12 40 52 67   21  

1/23/2016 22 32 34 40 69   19  

1/20/2016 5 39 44 47 69   24

1/16/2016 3 51 52 61 64   6  
   
1/13/2016 4 8 19 27 34   10  
   
1/9/2016 16 19 32 34 57   13  
   
1/6/2016 2 11 47 62 63   17  
   
1/2/2016 5 6 15 29 42   10  
   
12/30/2015 12 36 38 54 61   22  
   
12/26/2015 27 40 44 59 65   20  
   
12/23/2015 16 38 55 63 67   25  
   
12/19/2015 28 30 41 59 68   10  
   
12/16/2015 9 10 32 42 55   6  
   
12/12/2015 2 14 19 30 62   22  
   
12/9/2015 7 10 16 46 56   1  
   
12/5/2015  13 27 33 47 68   13  
   
12/2/2015  14 18 19 32 64   9  
   
11/28/2015 2 6 47 66 67   2  
   
11/25/2015 16 29 53 58 69   21  
   
11/21/2015 37 47 50 52 57   21  
   
11/18/2015 17 40 41 46 69   6  
   
11/14/2015 14 22 37 45 66   5  
   
11/11/2015 4 26 32 55 64   18  
   
11/7/2015 7 16 25 50 53   15  
   
11/4/2015 2 12 17 20 65   17  

